0.02	0.452679744276
0.025	0.481797436651
0.03	0.464264923449
0.035	0.0577921726789
0.04	0.0607949445059
0.045	0.0577921726789
0.05	0.0607949445059
0.055	0.0783215598738
0.06	0.0663469537903
0.065	0.0577921726789
0.07	0.0607949445059
0.075	0.0689342261162
0.08	0.0663469537903
0.085	0.0689342261162
0.09	0.0714149517787
0.095	0.0689342261162
0.1	0.076099937578
0.105	0.0783215598738
0.11	0.114153750449
0.115	0.0865517565191
0.12	0.0921631295345
0.125	0.0903388260934
0.13	0.0845823643358
0.135	0.0825572877829
0.14	0.0845823643358
0.145	0.0939451221368
0.15	0.10230095628
0.155	0.109894690147
0.16	0.108428396893
0.165	0.106937076098
0.17	0.10541957503
0.175	0.103874650055
0.18	0.10541957503
0.185	0.109894690147
0.19	0.122120246394
0.195	0.120838610829
0.2	0.134088109277
0.205	0.141697642544
0.21	0.134088109277
0.215	0.135209935889
0.22	0.136319659393
0.225	0.139579396098
0.23	0.140643824163
0.235	0.139579396098
0.24	0.138504084913
0.245	0.139579396098
0.25	0.142741113495
0.255	0.153601862079
0.26	0.15265755184
0.265	0.151705193193
0.27	0.165214354028
0.275	0.164361321045
0.28	0.175
0.285	0.180363316367
0.29	0.18834994824
0.295	0.194529898352
0.3	0.21030284502
0.305	0.206072377997
0.31	0.212661800439
0.315	0.203593371001
0.32	0.204217474278
0.325	0.203593371001
0.33	0.205456946362
0.335	0.208506116132
0.34	0.209107700001
0.345	0.212075912562
0.35	0.209107700001
0.355	0.209706600438
0.36	0.222798796085
0.365	0.214404415495
0.37	0.224953527584
0.375	0.229683076125
0.38	0.226018483657
0.385	0.230712722721
0.39	0.231224729311
0.395	0.234757605718
0.4	0.236245078698
0.405	0.241569778946
0.41	0.246703496831
0.415	0.252544244638
0.42	0.250325560278
0.425	0.262748566511
0.43	0.26233724887
0.435	0.259425399277
0.44	0.271906419946
0.445	0.277588956707
0.45	0.280168736326
0.455	0.284135240456
0.46	0.288
0.465	0.291090169498
0.47	0.298064677641
0.475	0.296432893155
0.48	0.294783403
0.485	0.307809478914
0.49	0.300639680933
0.495	0.319530533256
0.5	0.31639552272
0.505	0.331988882575
0.51	0.337357469799
0.515	0.337608505943
0.52	0.341325741338
0.525	0.337608505943
0.53	0.347092699382
0.535	0.347798608658
0.54	0.351738705842
0.545	0.35867349519
0.55	0.367801678426
0.555	0.373267066364
0.56	0.380452303549
0.565	0.383643221319
0.57	0.388936296633
0.575	0.387675488551
0.58	0.401657471194
0.585	0.407635229482
0.59	0.422538883527
0.595	0.42066556221
0.6	0.49679699048
0.605	0.512487103345
0.61	0.549021748381
0.615	0.618273371842
0.62	0.521565468175
0.625	0.481232422848
0.63	0.460142566218
0.635	0.459369667217
0.64	0.455894451754
0.645	0.466911546853
0.65	0.470941210733
0.655	0.463514691654
0.66	0.481515227539
0.665	0.479713981646
0.67	0.483199624281
0.675	0.494341752842
0.68	0.497799537343
0.685	0.505001333688
0.69	0.518918333332
0.695	0.509636912075
0.7	0.533374992677
0.705	0.567159202804
0.71	0.550432071441
0.715	0.550593672016
0.72	0.572086818784
0.725	0.573708324659
0.73	0.581696355122
0.735	0.578799236555
0.74	0.587631643224
0.745	0.595668734937
0.75	0.608040737855
0.755	0.607581376537
0.76	0.613204371174
0.765	0.640394815981
0.77	0.646313192496
0.775	0.654444371847
0.78	0.676066665785
0.785	0.685321543612
0.79	0.684294720801
0.795	0.719751749525
0.8	0.724026832688
0.805	0.741729342066
0.81	0.751586989783
0.815	0.760056311392
0.82	0.767744772078
0.825	0.7700858898
0.83	0.772608143219
0.835	0.77468873946
0.84	0.774325364208
0.845	0.77760523328
0.85	0.778150397259
0.855	0.780325142479
0.86	0.78084454288
0.865	0.783029512783
0.87	0.783970734864
0.875	0.783160846395
0.88	0.784223717046
0.885	0.784416438136
0.89	0.784940446683
0.895	0.786159965701
0.9	0.786746668928
0.905	0.787066151783
0.91	0.787500854642
0.915	0.787700869985
0.92	0.787916529621
0.925	0.788441799597
0.93	0.788707484725
0.935	0.789412547339
0.94	0.789521341656
0.945	0.7895768998
0.95	0.790005934903
0.955	0.790570495414
0.96	0.791028250557
0.965	0.79079299542
0.97	0.791070689946
0.975	0.791614817724
0.98	0.791695612605
0.985	0.791964287716
0.99	0.7918095526
0.995	0.792255730843
1.0	0.792350111501
1.005	0.792439183198
1.01	0.792630771913
1.015	0.792843192129
1.02	0.792880415033
1.025	0.793107652582
1.03	0.793246896913
1.035	0.793529276891
1.04	0.793455193217
1.045	0.79355514738
1.05	0.793702938253
1.055	0.793757453104
1.06	0.793896443422
1.065	0.793988662354
1.07	0.794182092263
1.075	0.794191307015
1.08	0.794186637282
1.085	0.794187244508
1.09	0.794329776468
1.095	0.794370254478
1.1	0.794448032405
1.105	0.794515430364
1.11	0.794594256473
1.115	0.794469072869
1.12	0.79469881389
1.125	0.794756000643
1.13	0.79463701998
1.135	0.79491010814
1.14	0.794762631092
1.145	0.794824406859
1.15	0.794872323759
1.155	0.794922022177
1.16	0.795130714846
1.165	0.79502427703
1.17	0.79507866745
1.175	0.795335611349
1.18	0.795164306451
1.185	0.795448077978
1.19	0.795437872885
1.195	0.795474280365
1.2	0.795513825215
1.205	0.795556452179
1.21	0.795587350757
1.215	0.795628717729
1.22	0.795659623898
1.225	0.795709944234
1.23	0.795545766938
1.235	0.795794987092
1.24	0.795784753294
1.245	0.795808426996
1.25	0.795815347373
1.255	0.795887930372
1.26	0.795906748222
1.265	0.795938479089
1.27	0.795967690304
1.275	0.79598137572
1.28	0.796014845072
1.285	0.796015899447
1.29	0.796065922015
1.295	0.796094860592
1.3	0.796115871229
1.305	0.796140012367
1.31	0.796157382964
1.315	0.796194207096
1.32	0.796156321361
1.325	0.796249957884
1.33	0.796237822253
1.335	0.796225362945
1.34	0.796267509191
1.345	0.796307510684
1.35	0.796308373307
1.355	0.796327428722
1.36	0.796350892496
1.365	0.796364315252
1.37	0.796377947135
1.375	0.796398726249
1.38	0.796419228236
1.385	0.796441082079
1.39	0.796464644379
1.395	0.796474353179
1.4	0.79649513828
1.405	0.796515452087
1.41	0.796529689342
1.415	0.796545508389
1.42	0.796542064687
1.425	0.7965798095
1.43	0.796598523733
1.435	0.796618732243
1.44	0.796630703475
1.445	0.796648304759
1.45	0.796672812827
1.455	0.796682376691
1.46	0.796697331553
1.465	0.796741215457
1.47	0.796714591107
1.475	0.796708601291
1.48	0.796737286358
1.485	0.796750827854
1.49	0.796763995633
1.495	0.796773287227
