0.02	6.44919822278
0.04	4.14329566542
0.06	3.92515115568
0.08	0.430251069594
0.1	0.86996681355
0.12	0.704969050235
0.14	0.286348667411
0.16	1.00572049519
0.18	0.153922561301
0.2	0.265344927286
0.22	0.373520750421
0.24	0.324164342453
0.26	0.416830354794
0.28	0.373520750421
0.3	0.30586448651
0.32	0.443243566639
0.34	0.545720860538
0.36	0.40293780016
0.38	0.468087950015
0.4	0.55587004663
0.42	0.681226620558
0.44	0.524790461912
0.46	0.63951349796
0.48	0.575593424807
0.5	0.697153080422
0.52	0.704969050235
0.54	0.757219777443
0.56	0.805770028211
0.58	0.825613456266
0.6	0.825613456266
0.62	0.906063624577
0.64	0.923519880252
0.66	0.844940134787
0.68	0.979188735638
0.7	0.973783654471
0.72	0.946232106501
0.74	1.0109319127
0.76	0.989898496712
0.78	1.04658560997
0.8	1.09522823822
0.82	1.28459061395
0.84	1.1278482836
0.86	1.31562486015
0.88	1.24450446258
0.9	1.08089951075
0.92	1.33082070999
0.94	1.181357235
0.96	1.1638385544
0.98	1.36427692846
1.0	1.2806485733
1.02	1.33834173109
1.04	1.52814394001
1.06	1.40387975469
1.08	1.46256593531
1.1	1.43185872467
1.12	1.54085251685
1.14	1.56278837953
1.16	1.59651316167
1.18	1.61454317475
1.2	1.58435197305
1.22	1.6955640997
1.24	1.70953017799
1.26	1.7315824882
1.28	1.83434755669
1.3	1.83180369591
1.32	1.78784879844
1.34	1.93261478679
1.36	1.94209062968
1.38	1.94209062968
1.4	1.97016407975
1.42	2.09476040203
1.44	2.00906399726
1.46	2.15969960571
1.48	2.3105974943
1.5	2.24955166348
1.52	2.11599914621
1.54	2.44734810339
1.56	2.33292962231
1.58	2.59020871482
1.6	2.58541238604
1.62	2.61557722215
1.64	2.7329861288
1.66	2.69718409425
1.68	2.64059745113
1.7	2.7270666553
1.72	2.82806127393
1.74	2.72558385204
1.76	2.87112731133
1.78	2.91055978771
1.8	2.97281284693
1.82	3.03061824079
1.84	3.09292685877
1.86	3.0
1.88	3.11610320674
1.9	3.03945995055
1.92	3.19109591282
1.94	3.23616746732
1.96	3.39874719765
1.98	3.39557499008
2.0	3.3332774186
2.02	3.46427836843
2.04	3.41453649062
2.06	3.42604014091
2.08	3.64670368132
2.1	3.61449985774
2.12	3.65139912807
2.14	3.71426327182
2.16	3.80002136519
2.18	3.62781875477
2.2	3.93670568736
2.22	3.97910199251
2.24	3.99599639531
2.26	4.15003811688
2.28	4.07240951859
2.3	4.10088093949
2.32	4.04670628521
2.34	4.29067282525
2.36	4.28292872109
2.38	4.41643772434
2.4	4.56944767322
2.42	4.37754070888
2.44	4.68643198492
2.46	4.81178232407
2.48	4.70350608971
2.5	5.13598979808
2.52	5.02899612743
2.54	4.9852900848
2.56	5.02236502429
2.58	5.15487774697
2.6	5.4649177415
2.62	5.19598997214
2.64	6.00831793686
2.66	5.80552605262
2.68	5.80951849626
2.7	6.16262578908
2.72	6.1826841052
2.74	6.57402908157
2.76	6.50986546998
2.78	6.67616350457
2.8	6.14707247972
2.82	7.32282673854
2.84	7.08115293877
2.86	7.45497181072
2.88	7.441021238
2.9	7.74564154462
2.92	7.42203683442
2.94	7.77403182683
2.96	8.04663121656
2.98	7.95877693562
3.0	8.29052663769
3.02	8.22876357609
3.04	8.04602236253
3.06	8.70209592208
3.08	8.7728838987
3.1	8.67763633762
3.12	8.67531009838
3.14	8.98289658002
3.16	8.97287405393
3.18	9.13803224241
3.2	9.29768718424
3.22	9.12652417971
3.24	9.41168669108
3.26	9.53461005377
3.28	9.58924165562
3.3	9.75152928634
3.32	9.83497637807
3.34	9.90433696934
3.36	9.97490880523
3.38	9.97704639962
3.4	10.1014267086
3.42	10.1461979843
3.44	10.203789774
3.46	10.1564809914
3.48	10.2160341547
3.5	10.3459676838
3.52	10.3869697581
3.54	10.4277895106
3.56	10.4535509692
3.58	10.5009042079
3.6	10.5323243993
3.62	10.563032468
3.64	10.5198718282
3.66	10.6116148134
3.68	10.6398652785
3.7	10.661315845
3.72	10.6810902912
3.74	10.6907634496
3.76	10.7008991665
3.78	10.758670671
3.8	10.6501324445
3.82	10.6727096432
3.84	10.7240838829
3.86	10.7197697837
3.88	10.732319821
3.9	10.7515447986
3.92	10.7644088896
3.94	10.7805450708
3.96	10.7963321446
3.98	10.8136297111
4.0	10.8267090788
4.02	10.8457912251
4.04	10.8616751531
4.06	10.8788702648
4.08	10.8879705252
4.1	10.9023077342
4.12	10.9185499099
4.14	10.9319404288
4.16	10.9459736363
4.18	10.9589504811
4.2	10.9733008368
4.22	10.9854399353
4.24	10.9966742134
4.26	11.0267491849
4.28	11.0370342857
4.3	11.0446471365
4.32	11.0546132417
4.34	11.0639868156
4.36	11.0713894476
4.38	11.082030933
4.4	11.0916237706
4.42	11.0992526763
4.44	11.1541260271
4.46	11.1194624253
4.48	11.1254571613
4.5	11.1325749284
4.52	11.1397476773
4.54	11.1441825522
4.56	11.150096986
4.58	11.1554920478
4.6	11.1603171342
4.62	11.1759323363
4.64	11.171295976
4.66	11.1787889816
4.68	11.1830065664
4.7	11.1823820691
4.72	11.1884555804
4.74	11.1912395041
4.76	11.1997097157
4.78	11.2065791302
4.8	11.2071889856
4.82	11.2122073173
4.84	11.2162936626
4.86	11.2240881328
4.88	11.2286706158
4.9	11.2310899795
4.92	11.2337439741
4.94	11.2327437013
4.96	11.2433132269
4.98	11.2486957662
5.0	11.2520453652
5.02	11.2589311577
5.04	11.2636669056
5.06	11.2684206373
5.08	11.2714003394
5.1	11.2753490051
5.12	11.2915007171
5.14	11.2976488512
5.16	11.300251599
5.18	11.2985654485
5.2	11.3044939629
5.22	11.3063193514
5.24	11.3026385783
5.26	11.3109254106
5.28	11.3090544485
5.3	11.3052481444
5.32	11.3109088687
5.34	11.3124899707
5.36	11.3130493646
5.38	11.3185061284
5.4	11.3202006183
5.42	11.3205577999
5.44	11.32490053
5.46	11.3242776453
5.48	11.3294354767
5.5	11.3316178745
5.52	11.33664288
5.54	11.3415896457
5.56	11.3414416551
5.58	11.3457362842
5.6	11.3492709853
5.62	11.3539761176
5.64	11.3556084239
5.66	11.3381170221
5.68	11.3408883649
5.7	11.3439364635
5.72	11.3521689285
5.74	11.3501810363
5.76	11.3546816639
5.78	11.3577959441
5.8	11.3621776039
5.82	11.3602765782
5.84	11.3628144187
5.86	11.3654134841
5.88	11.3660214478
5.9	11.3689495561
5.92	11.3688663516
5.94	11.3797615189
5.96	11.3689079566
5.98	11.3713226816
